import math
import numpy as np
from scipy.spatial.transform import Rotation as R

dat = {
    "metainfo": {
        "categories": {
            "car": 0,
            "truck": 1,
            "trailer": 2,
            "bus": 3,
            "construction_vehicle": 4,
            "bicycle": 5,
            "motorcycle": 6,
            "pedestrian": 7,
            "traffic_cone": 8,
            "barrier": 9,
        },
        "dataset": "nuscenes",
        "version": "v1.0-mini",
        "info_version": "1.1",
    },
    "data_list": [
        {
            "sample_idx": 0,
            "token": "ca9a282c9e77460f8360f564131a8af5",
            "timestamp": 1532402927.647951,
            "ego2global": [
                [
                    -0.345552921295166,
                    0.9382579922676086,
                    0.016282515600323677,
                    411.3039245605469,
                ],
                [
                    -0.9383381009101868,
                    -0.34528031945228577,
                    -0.01740977168083191,
                    1180.890380859375,
                ],
                [-0.010712824761867523, -0.021294502541422844, 0.9997158646583557, 0.0],
                [0.0, 0.0, 0.0, 1.0],
            ],
            "images": {
                "CAM_FRONT": {
                    "img_path": "n015-2018-07-24-11-22-45+0800__CAM_FRONT__1532402927612460.jpg",
                    "cam2img": [
                        [1266.417203046554, 0.0, 816.2670197447984],
                        [0.0, 1266.417203046554, 491.50706579294757],
                        [0.0, 0.0, 1.0],
                    ],
                    "cam2ego": [
                        [
                            0.005684778559952974,
                            -0.005636667832732201,
                            0.9999679327011108,
                            1.7007912397384644,
                        ],
                        [
                            -0.9999834895133972,
                            -0.0008371152798645198,
                            0.0056801484897732735,
                            0.01594563201069832,
                        ],
                        [
                            0.000805071322247386,
                            -0.9999837875366211,
                            -0.005641333758831024,
                            1.5109575986862183,
                        ],
                        [0.0, 0.0, 0.0, 1.0],
                    ],
                    "sample_data_token": "e3d495d4ac534d54b321f50006683844",
                    "timestamp": 1532402927.61246,
                    "lidar2cam": [
                        [
                            0.9999702572822571,
                            0.003407371463254094,
                            0.0069207423366606236,
                            0.01687305048108101,
                        ],
                        [
                            0.006852706428617239,
                            0.019589632749557495,
                            -0.9997846484184265,
                            -0.32902389764785767,
                        ],
                        [
                            -0.0035422123037278652,
                            0.99980229139328,
                            0.019565701484680176,
                            -0.4292221665382385,
                        ],
                        [0.0, 0.0, 0.0, 1.0],
                    ],
                },
                "CAM_FRONT_RIGHT": {
                    "img_path": "n015-2018-07-24-11-22-45+0800__CAM_FRONT_RIGHT__1532402927620339.jpg",
                    "cam2img": [
                        [1260.8474446004698, 0.0, 807.968244525554],
                        [0.0, 1260.8474446004698, 495.3344268742088],
                        [0.0, 0.0, 1.0],
                    ],
                    "cam2ego": [
                        [
                            -0.8329295516014099,
                            -9.94603760773316e-06,
                            0.5533789992332458,
                            1.5508477687835693,
                        ],
                        [
                            -0.55330491065979,
                            0.016378816217184067,
                            -0.8328177332878113,
                            -0.4934048056602478,
                        ],
                        [
                            -0.009055409580469131,
                            -0.9998658299446106,
                            -0.013647902756929398,
                            1.4957480430603027,
                        ],
                        [0.0, 0.0, 0.0, 1.0],
                    ],
                    "sample_data_token": "aac7867ebf4f446395d29fbd60b63b3b",
                    "timestamp": 1532402927.620339,
                    "lidar2cam": [
                        [
                            0.5515798926353455,
                            -0.833698570728302,
                            -0.026575837284326553,
                            0.017367525026202202,
                        ],
                        [
                            -0.010314990766346455,
                            0.02504088170826435,
                            -0.9996331930160522,
                            -0.33812859654426575,
                        ],
                        [
                            0.8340582847595215,
                            0.5516517162322998,
                            0.005212453659623861,
                            -0.607800304889679,
                        ],
                        [0.0, 0.0, 0.0, 1.0],
                    ],
                },
                "CAM_FRONT_LEFT": {
                    "img_path": "n015-2018-07-24-11-22-45+0800__CAM_FRONT_LEFT__1532402927604844.jpg",
                    "cam2img": [
                        [1272.5979470598488, 0.0, 826.6154927353808],
                        [0.0, 1272.5979470598488, 479.75165386361925],
                        [0.0, 0.0, 1.0],
                    ],
                    "cam2ego": [
                        [
                            0.8207583427429199,
                            -0.00034143668017350137,
                            0.5712754130363464,
                            1.5238779783248901,
                        ],
                        [
                            -0.5712715983390808,
                            0.0032195018138736486,
                            0.8207547664642334,
                            0.4946313500404358,
                        ],
                        [
                            -0.002119458047673106,
                            -0.9999947547912598,
                            0.0024473799858242273,
                            1.5093282461166382,
                        ],
                        [0.0, 0.0, 0.0, 1.0],
                    ],
                    "sample_data_token": "fe5422747a7d4268a4b07fc396707b23",
                    "timestamp": 1532402927.604844,
                    "lidar2cam": [
                        [
                            0.5729948878288269,
                            0.8192594051361084,
                            0.022154681384563446,
                            0.13672702014446259,
                        ],
                        [
                            0.0027717179618775845,
                            0.025095149874687195,
                            -0.9996812343597412,
                            -0.3350239396095276,
                        ],
                        [
                            -0.8195542693138123,
                            0.5728736519813538,
                            0.012108637019991875,
                            -0.5106567740440369,
                        ],
                        [0.0, 0.0, 0.0, 1.0],
                    ],
                },
                "CAM_BACK": {
                    "img_path": "n015-2018-07-24-11-22-45+0800__CAM_BACK__1532402927637525.jpg",
                    "cam2img": [
                        [809.2209905677063, 0.0, 829.2196003259838],
                        [0.0, 809.2209905677063, 481.77842384512485],
                        [0.0, 0.0, 1.0],
                    ],
                    "cam2ego": [
                        [
                            0.002421709941700101,
                            -0.016753608360886574,
                            -0.99985671043396,
                            0.02832603082060814,
                        ],
                        [
                            0.9999890923500061,
                            -0.0039591072127223015,
                            0.0024883693549782038,
                            0.0034513676073402166,
                        ],
                        [
                            -0.004000229295343161,
                            -0.9998518228530884,
                            0.016743836924433708,
                            1.5791034698486328,
                        ],
                        [0.0, 0.0, 0.0, 1.0],
                    ],
                    "sample_data_token": "03bea5763f0f4722933508d5999c5fd8",
                    "timestamp": 1532402927.637525,
                    "lidar2cam": [
                        [
                            -0.9999396800994873,
                            0.004745348822325468,
                            -0.009902726858854294,
                            -0.002994914771988988,
                        ],
                        [
                            0.009939325973391533,
                            0.007752242963761091,
                            -0.9999205470085144,
                            -0.2787434756755829,
                        ],
                        [
                            -0.0046682036481797695,
                            -0.9999586939811707,
                            -0.0077989413402974606,
                            -1.0075254440307617,
                        ],
                        [0.0, 0.0, 0.0, 1.0],
                    ],
                },
                "CAM_BACK_LEFT": {
                    "img_path": "n015-2018-07-24-11-22-45+0800__CAM_BACK_LEFT__1532402927647423.jpg",
                    "cam2img": [
                        [1256.7414812095406, 0.0, 792.1125740759628],
                        [0.0, 1256.7414812095406, 492.7757465151356],
                        [0.0, 0.0, 1.0],
                    ],
                    "cam2ego": [
                        [
                            0.9477603435516357,
                            0.008665721863508224,
                            -0.31886550784111023,
                            1.0356910228729248,
                        ],
                        [
                            0.31896114349365234,
                            -0.01397630013525486,
                            0.947664737701416,
                            0.4847950339317322,
                        ],
                        [
                            0.0037556388415396214,
                            -0.9998647570610046,
                            -0.016010211780667305,
                            1.5909701585769653,
                        ],
                        [0.0, 0.0, 0.0, 1.0],
                    ],
                    "sample_data_token": "43893a033f9c46d4a51b5e08a67a1eb7",
                    "timestamp": 1532402927.647423,
                    "lidar2cam": [
                        [
                            -0.3170582354068756,
                            0.9480797648429871,
                            0.024875983595848083,
                            -0.23617663979530334,
                        ],
                        [
                            0.019898653030395508,
                            0.03287343680858612,
                            -0.9992614388465881,
                            -0.24323907494544983,
                        ],
                        [
                            -0.9481973052024841,
                            -0.31632906198501587,
                            -0.02928830496966839,
                            -0.43581628799438477,
                        ],
                        [0.0, 0.0, 0.0, 1.0],
                    ],
                },
                "CAM_BACK_RIGHT": {
                    "img_path": "n015-2018-07-24-11-22-45+0800__CAM_BACK_RIGHT__1532402927627893.jpg",
                    "cam2img": [
                        [1259.5137405846733, 0.0, 807.2529053838625],
                        [0.0, 1259.5137405846733, 501.19579884916527],
                        [0.0, 0.0, 1.0],
                    ],
                    "cam2ego": [
                        [
                            -0.9347755312919617,
                            0.015875838696956635,
                            -0.35488399863243103,
                            1.0148781538009644,
                        ],
                        [
                            0.35507455468177795,
                            0.011370494961738586,
                            -0.9347688555717468,
                            -0.4805682301521301,
                        ],
                        [
                            -0.010805031284689903,
                            -0.9998093247413635,
                            -0.01626596786081791,
                            1.562395453453064,
                        ],
                        [0.0, 0.0, 0.0, 1.0],
                    ],
                    "sample_data_token": "79dbb4460a6b40f49f9c150cb118247e",
                    "timestamp": 1532402927.627893,
                    "lidar2cam": [
                        [
                            -0.3569853603839874,
                            -0.9334108829498291,
                            -0.03613242506980896,
                            0.059676870703697205,
                        ],
                        [
                            -0.005249686539173126,
                            0.0406852662563324,
                            -0.9991582036018372,
                            -0.27182626724243164,
                        ],
                        [
                            0.9340952038764954,
                            -0.3564951717853546,
                            -0.019424159079790115,
                            -0.49288931488990784,
                        ],
                        [0.0, 0.0, 0.0, 1.0],
                    ],
                },
            },
            "lidar_points": {
                "num_pts_feats": 5,
                "lidar_path": "n015-2018-07-24-11-22-45+0800__LIDAR_TOP__1532402927647951.pcd.bin",
                "lidar2ego": [
                    [
                        0.0020332718268036842,
                        0.9997040629386902,
                        0.024241721257567406,
                        0.9437130093574524,
                    ],
                    [
                        -0.9999805092811584,
                        0.0021756570786237717,
                        -0.00584863917902112,
                        0.0,
                    ],
                    [
                        -0.005899650044739246,
                        -0.02422935888171196,
                        0.9996890425682068,
                        1.8402299880981445,
                    ],
                    [0.0, 0.0, 0.0, 1.0],
                ],
            },
            "instances": [
                {
                    "bbox_label": 7,
                    "bbox_3d": [
                        18.41438499820346,
                        59.51602513122477,
                        0.7696345744362297,
                        0.669,
                        0.621,
                        1.642,
                        3.124135975233448,
                    ],
                    "bbox_3d_isvalid": True,
                    "bbox_label_3d": 7,
                    "num_lidar_pts": 1,
                    "num_radar_pts": 0,
                    "velocity": [0.0, 0.0],
                },
                {
                    "bbox_label": 7,
                    "bbox_3d": [
                        21.00210703861167,
                        36.06110848124013,
                        -0.026147797730185142,
                        0.769,
                        0.775,
                        1.711,
                        1.5219935350653782,
                    ],
                    "bbox_3d_isvalid": True,
                    "bbox_label_3d": 7,
                    "num_lidar_pts": 2,
                    "num_radar_pts": 0,
                    "velocity": [0.0357412927333759, 1.258390282897789],
                },
                {
                    "bbox_label": 0,
                    "bbox_3d": [
                        37.3518607582729,
                        64.39733873917031,
                        0.4509916745209673,
                        4.633,
                        2.011,
                        1.573,
                        3.0888454177583893,
                    ],
                    "bbox_3d_isvalid": True,
                    "bbox_label_3d": 0,
                    "num_lidar_pts": 5,
                    "num_radar_pts": 0,
                    "velocity": [0.03930904863707075, -0.002637846638628162],
                },
                {
                    "bbox_label": 7,
                    "bbox_3d": [
                        25.36505069713924,
                        32.165613084563226,
                        -0.1565788024185696,
                        0.819,
                        0.752,
                        1.637,
                        -1.6604398230165103,
                    ],
                    "bbox_3d_isvalid": True,
                    "bbox_label_3d": 7,
                    "num_lidar_pts": 1,
                    "num_radar_pts": 0,
                    "velocity": [-0.05320930201116781, -1.4201827079797897],
                },
                {
                    "bbox_label": 8,
                    "bbox_3d": [
                        6.634609388466612,
                        -15.394644265126047,
                        -1.8154064648619002,
                        0.359,
                        0.427,
                        0.794,
                        1.4667015043582865,
                    ],
                    "bbox_3d_isvalid": True,
                    "bbox_label_3d": 8,
                    "num_lidar_pts": 1,
                    "num_radar_pts": 0,
                    "velocity": [-0.00233876851271655, -0.02852971240458304],
                },
                {
                    "bbox_label": 5,
                    "bbox_3d": [
                        18.56578284552976,
                        60.82382710073805,
                        0.684990021379279,
                        1.77,
                        0.689,
                        1.709,
                        -2.992806720699527,
                    ],
                    "bbox_3d_isvalid": True,
                    "bbox_label_3d": 5,
                    "num_lidar_pts": 1,
                    "num_radar_pts": 0,
                    "velocity": [0.0, 0.0],
                },
                {
                    "bbox_label": 7,
                    "bbox_3d": [
                        20.42099930703839,
                        38.32058760113813,
                        0.029860336056348268,
                        0.703,
                        0.661,
                        1.839,
                        1.4994264278382616,
                    ],
                    "bbox_3d_isvalid": True,
                    "bbox_label_3d": 7,
                    "num_lidar_pts": 1,
                    "num_radar_pts": 0,
                    "velocity": [0.13605492023321764, 0.9843234819938042],
                },
                {
                    "bbox_label": 0,
                    "bbox_3d": [
                        9.148245175995001,
                        -19.542327011983197,
                        -1.6450070544163968,
                        4.32,
                        1.837,
                        1.631,
                        -1.6950671553879684,
                    ],
                    "bbox_3d_isvalid": True,
                    "bbox_label_3d": 0,
                    "num_lidar_pts": 45,
                    "num_radar_pts": 6,
                    "velocity": [-0.7409697833187431, -9.539758219973535],
                },
                {
                    "bbox_label": 7,
                    "bbox_3d": [
                        -6.104982264856398,
                        59.35846728285846,
                        0.8541540609835356,
                        0.709,
                        0.648,
                        1.609,
                        0.3075061750631206,
                    ],
                    "bbox_3d_isvalid": True,
                    "bbox_label_3d": 7,
                    "num_lidar_pts": 1,
                    "num_radar_pts": 0,
                    "velocity": [1.327301292291452, 0.5349166461755128],
                },
                {
                    "bbox_label": 9,
                    "bbox_3d": [
                        7.8568981561163955,
                        25.556699206823797,
                        -0.5698740442214087,
                        0.703,
                        1.977,
                        1.149,
                        3.073364347290705,
                    ],
                    "bbox_3d_isvalid": True,
                    "bbox_label_3d": 9,
                    "num_lidar_pts": 4,
                    "num_radar_pts": 2,
                    "velocity": [0.0, 0.0],
                },
                {
                    "bbox_label": 9,
                    "bbox_3d": [
                        6.007867405462602,
                        -9.195564107114444,
                        -1.5117147111245992,
                        0.555,
                        1.91,
                        1.055,
                        3.086087797542753,
                    ],
                    "bbox_3d_isvalid": True,
                    "bbox_label_3d": 9,
                    "num_lidar_pts": 77,
                    "num_radar_pts": 0,
                    "velocity": [0.0, 0.0],
                },
                {
                    "bbox_label": 7,
                    "bbox_3d": [
                        -1.3511004045528645,
                        -14.908780623522844,
                        -1.337287626661861,
                        0.915,
                        1.019,
                        1.67,
                        -0.03682983305669121,
                    ],
                    "bbox_3d_isvalid": True,
                    "bbox_label_3d": 7,
                    "num_lidar_pts": 7,
                    "num_radar_pts": 3,
                    "velocity": [1.1351155905117416, 0.04732273276484219],
                },
                {
                    "bbox_label": 7,
                    "bbox_3d": [
                        -16.072605980723882,
                        7.271764115184926,
                        -0.21929672108713114,
                        0.891,
                        0.934,
                        1.835,
                        1.6250552273988375,
                    ],
                    "bbox_3d_isvalid": True,
                    "bbox_label_3d": 7,
                    "num_lidar_pts": 6,
                    "num_radar_pts": 0,
                    "velocity": [-0.150420027336458, 1.6564232212542676],
                },
                {
                    "bbox_label": 7,
                    "bbox_3d": [
                        39.39263664047595,
                        52.20740577775473,
                        0.21105586058511241,
                        0.908,
                        0.8,
                        1.835,
                        3.124834106931326,
                    ],
                    "bbox_3d_isvalid": True,
                    "bbox_label_3d": 7,
                    "num_lidar_pts": 1,
                    "num_radar_pts": 0,
                    "velocity": [-1.289539226665092, 0.19416077771438708],
                },
                {
                    "bbox_label": 7,
                    "bbox_3d": [
                        -21.767662149302144,
                        -0.45819381880697574,
                        -0.4122619393382169,
                        0.903,
                        0.872,
                        1.719,
                        0.007274637139448257,
                    ],
                    "bbox_3d_isvalid": True,
                    "bbox_label_3d": 7,
                    "num_lidar_pts": 8,
                    "num_radar_pts": 0,
                    # "velocity": [nan, nan],
                },
                {
                    "bbox_label": 9,
                    "bbox_3d": [
                        7.960109492653107,
                        27.578948922702534,
                        -0.49667222294178776,
                        0.694,
                        1.964,
                        1.131,
                        3.1085501850085735,
                    ],
                    "bbox_3d_isvalid": True,
                    "bbox_label_3d": 9,
                    "num_lidar_pts": 2,
                    "num_radar_pts": 1,
                    "velocity": [0.0, 0.0],
                },
                {
                    "bbox_label": 0,
                    "bbox_3d": [
                        5.979273659583959,
                        35.00872532616538,
                        0.04405876098249453,
                        4.01,
                        1.708,
                        1.631,
                        1.501922248671423,
                    ],
                    "bbox_3d_isvalid": True,
                    "bbox_label_3d": 0,
                    "num_lidar_pts": 4,
                    "num_radar_pts": 2,
                    "velocity": [0.26068003881881496, 1.6855991741761605],
                },
                {
                    "bbox_label": 7,
                    "bbox_3d": [
                        19.385635071090622,
                        61.205022958491874,
                        0.6556975944697605,
                        0.741,
                        0.79,
                        1.725,
                        -3.0892361618663644,
                    ],
                    "bbox_3d_isvalid": True,
                    "bbox_label_3d": 7,
                    "num_lidar_pts": 1,
                    "num_radar_pts": 0,
                    "velocity": [0.0, 0.0],
                },
                {
                    "bbox_label": 1,
                    "bbox_3d": [
                        -4.498643300135364,
                        15.253322510367285,
                        0.396393503489445,
                        10.201,
                        2.877,
                        3.595,
                        1.5951926439146817,
                    ],
                    "bbox_3d_isvalid": True,
                    "bbox_label_3d": 1,
                    "num_lidar_pts": 495,
                    "num_radar_pts": 13,
                    "velocity": [-0.027212400362998945, 0.021967791880284752],
                },
                {
                    "bbox_label": 0,
                    "bbox_3d": [
                        -8.271704308099347,
                        77.66984020902854,
                        2.0498426266425436,
                        4.956,
                        2.135,
                        2.17,
                        -0.05630770752529611,
                    ],
                    "bbox_3d_isvalid": True,
                    "bbox_label_3d": 0,
                    "num_lidar_pts": 1,
                    "num_radar_pts": 0,
                    "velocity": [0.0, 0.0],
                },
                {
                    "bbox_label": 7,
                    "bbox_3d": [
                        -2.2669853387277255,
                        63.3472982496596,
                        1.4350947750977794,
                        0.951,
                        0.767,
                        1.835,
                        1.4348143389262544,
                    ],
                    "bbox_3d_isvalid": True,
                    "bbox_label_3d": 7,
                    "num_lidar_pts": 1,
                    "num_radar_pts": 0,
                    "velocity": [0.11604834136095069, 1.1728413756964575],
                },
                {
                    "bbox_label": 9,
                    "bbox_3d": [
                        9.531718126162897,
                        42.283333218852924,
                        0.010872626508430988,
                        0.704,
                        1.967,
                        0.962,
                        3.130680959924771,
                    ],
                    "bbox_3d_isvalid": True,
                    "bbox_label_3d": 9,
                    "num_lidar_pts": 3,
                    "num_radar_pts": 2,
                    "velocity": [0.0, 0.0],
                },
                {
                    "bbox_label": 9,
                    "bbox_3d": [
                        8.132756389617546,
                        31.540962381986965,
                        -0.3816574525095868,
                        0.759,
                        2.06,
                        1.1,
                        3.0736435999686873,
                    ],
                    "bbox_3d_isvalid": True,
                    "bbox_label_3d": 9,
                    "num_lidar_pts": 3,
                    "num_radar_pts": 1,
                    "velocity": [0.0, 0.0],
                },
                {
                    "bbox_label": 9,
                    "bbox_3d": [
                        8.639245676785452,
                        19.389383675601685,
                        -0.856834834660469,
                        0.744,
                        1.993,
                        1.245,
                        3.1118314039718973,
                    ],
                    "bbox_3d_isvalid": True,
                    "bbox_label_3d": 9,
                    "num_lidar_pts": 2,
                    "num_radar_pts": 1,
                    "velocity": [0.0, 0.0],
                },
                {
                    "bbox_label": 8,
                    "bbox_3d": [
                        6.89568022321491,
                        9.484414211970748,
                        -1.1226833510235252,
                        0.461,
                        0.476,
                        0.72,
                        2.317532061399939,
                    ],
                    "bbox_3d_isvalid": True,
                    "bbox_label_3d": 8,
                    "num_lidar_pts": 8,
                    "num_radar_pts": 0,
                    "velocity": [-0.016533918188924208, 0.06845194815863817],
                },
                {
                    "bbox_label": 9,
                    "bbox_3d": [
                        7.090605352181969,
                        15.518719131046137,
                        -0.8494099755922975,
                        0.716,
                        1.969,
                        1.092,
                        3.097502250861144,
                    ],
                    "bbox_3d_isvalid": True,
                    "bbox_label_3d": 9,
                    "num_lidar_pts": 19,
                    "num_radar_pts": 2,
                    "velocity": [-0.008200948865722155, -0.000873832867542709],
                },
                {
                    "bbox_label": 3,
                    "bbox_3d": [
                        8.027630541547973,
                        -53.824420266972155,
                        -1.485796824531487,
                        6.908,
                        2.909,
                        3.558,
                        -1.562910824419942,
                    ],
                    "bbox_3d_isvalid": True,
                    "bbox_label_3d": 3,
                    "num_lidar_pts": 3,
                    "num_radar_pts": 2,
                    "velocity": [0.1656023799668438, -9.729378819049286],
                },
                {
                    "bbox_label": 7,
                    "bbox_3d": [
                        -28.755325277681756,
                        -0.9849721126382867,
                        -0.3261943296794324,
                        0.87,
                        0.803,
                        1.78,
                        3.137993889487584,
                    ],
                    "bbox_3d_isvalid": True,
                    "bbox_label_3d": 7,
                    "num_lidar_pts": 5,
                    "num_radar_pts": 0,
                    # "velocity": [nan, nan],
                },
                {
                    "bbox_label": 7,
                    "bbox_3d": [
                        36.80716554596552,
                        -18.307930164324706,
                        -1.1567106381720271,
                        0.884,
                        0.842,
                        1.749,
                        2.4495836726130102,
                    ],
                    "bbox_3d_isvalid": True,
                    "bbox_label_3d": 7,
                    "num_lidar_pts": 3,
                    "num_radar_pts": 0,
                    "velocity": [-1.1110308778601559, 0.9577388919110096],
                },
                {
                    "bbox_label": 9,
                    "bbox_3d": [
                        9.56223706540548,
                        44.274557907459695,
                        0.11412878288977657,
                        0.726,
                        1.99,
                        0.921,
                        3.1072062814841623,
                    ],
                    "bbox_3d_isvalid": True,
                    "bbox_label_3d": 9,
                    "num_lidar_pts": 1,
                    "num_radar_pts": 0,
                    "velocity": [0.0, 0.0],
                },
                {
                    "bbox_label": 7,
                    "bbox_3d": [
                        -4.268840078259594,
                        13.088243040416518,
                        0.9895624237921767,
                        0.863,
                        0.708,
                        1.616,
                        1.90369704249222,
                    ],
                    "bbox_3d_isvalid": False,
                    "bbox_label_3d": 7,
                    "num_lidar_pts": 0,
                    "num_radar_pts": 0,
                    "velocity": [0.0, 0.0],
                },
                {
                    "bbox_label": 7,
                    "bbox_3d": [
                        20.16839990181565,
                        35.88605124766232,
                        -0.05447402281337179,
                        0.775,
                        0.734,
                        1.821,
                        1.5000023864943652,
                    ],
                    "bbox_3d_isvalid": True,
                    "bbox_label_3d": 7,
                    "num_lidar_pts": 2,
                    "num_radar_pts": 0,
                    "velocity": [0.12189349224694432, 1.5177062670574395],
                },
                {
                    "bbox_label": 9,
                    "bbox_3d": [
                        8.544393730274928,
                        17.306768805967973,
                        -0.8902476020366781,
                        0.712,
                        2.069,
                        1.088,
                        3.0769248189320115,
                    ],
                    "bbox_3d_isvalid": True,
                    "bbox_label_3d": 9,
                    "num_lidar_pts": 5,
                    "num_radar_pts": 0,
                    "velocity": [0.0, 0.0],
                },
                {
                    "bbox_label": 7,
                    "bbox_3d": [
                        20.736904979292817,
                        42.1586392283441,
                        0.10630844355103664,
                        0.746,
                        0.733,
                        1.695,
                        1.4130151765737253,
                    ],
                    "bbox_3d_isvalid": True,
                    "bbox_label_3d": 7,
                    "num_lidar_pts": 3,
                    "num_radar_pts": 0,
                    "velocity": [0.17987222295676128, 1.2196247702562344],
                },
                {
                    "bbox_label": 7,
                    "bbox_3d": [
                        -1.6477607823056442,
                        -15.646400501401327,
                        -1.4085795338475906,
                        0.873,
                        0.913,
                        1.697,
                        -0.07173641809657824,
                    ],
                    "bbox_3d_isvalid": True,
                    "bbox_label_3d": 7,
                    "num_lidar_pts": 14,
                    "num_radar_pts": 1,
                    "velocity": [1.3573230475026177, 0.10951953262183704],
                },
                {
                    "bbox_label": 9,
                    "bbox_3d": [
                        9.195374172882504,
                        35.77399911830276,
                        -0.3098769837917072,
                        0.693,
                        2.05,
                        1.081,
                        3.1275568205300237,
                    ],
                    "bbox_3d_isvalid": True,
                    "bbox_label_3d": 9,
                    "num_lidar_pts": 2,
                    "num_radar_pts": 0,
                    "velocity": [0.0, 0.0],
                },
                {
                    "bbox_label": 0,
                    "bbox_3d": [
                        3.301175120221583,
                        40.34049474161299,
                        0.14580409975193173,
                        4.115,
                        1.847,
                        1.526,
                        1.502812366602229,
                    ],
                    "bbox_3d_isvalid": True,
                    "bbox_label_3d": 0,
                    "num_lidar_pts": 5,
                    "num_radar_pts": 1,
                    "velocity": [0.5691115223335524, 11.237293096167676],
                },
                {
                    "bbox_label": 9,
                    "bbox_3d": [
                        8.223002939940425,
                        33.59882990334035,
                        -0.2789889338989361,
                        0.764,
                        1.977,
                        1.144,
                        3.126003477528516,
                    ],
                    "bbox_3d_isvalid": True,
                    "bbox_label_3d": 9,
                    "num_lidar_pts": 5,
                    "num_radar_pts": 0,
                    "velocity": [0.0, 0.0],
                },
                {
                    "bbox_label": 9,
                    "bbox_3d": [
                        9.60979252337494,
                        46.28874537626153,
                        0.1728937294046641,
                        0.677,
                        1.842,
                        0.885,
                        3.1246595740041068,
                    ],
                    "bbox_3d_isvalid": True,
                    "bbox_label_3d": 9,
                    "num_lidar_pts": 1,
                    "num_radar_pts": 0,
                    "velocity": [0.0, 0.0],
                },
